g 12 66 175
v 1 0
v 2 0
v 3 0
v 4 0
v 5 0
v 6 0
v 7 1
v 8 0
v 9 0
v 10 0
v 11 0
v 12 2
e 1 2 1
e 1 3 1
e 1 4 1
e 1 5 1
e 1 6 1
e 1 7 1
e 1 8 1
e 1 9 1
e 1 10 1
e 1 11 1
e 1 12 1
e 2 3 1
e 2 4 1
e 2 5 1
e 2 6 1
e 2 7 1
e 2 8 1
e 2 9 1
e 2 10 1
e 2 11 1
e 2 12 1
e 3 4 1
e 3 5 1
e 3 6 1
e 3 7 1
e 3 8 1
e 3 9 1
e 3 10 1
e 3 11 1
e 3 12 1
e 4 5 1
e 4 6 1
e 4 7 1
e 4 8 1
e 4 9 1
e 4 10 1
e 4 11 1
e 4 12 1
e 5 6 1
e 5 7 1
e 5 8 1
e 5 9 1
e 5 10 1
e 5 11 1
e 5 12 1
e 6 7 1
e 6 8 1
e 6 9 1
e 6 10 1
e 6 11 1
e 6 12 1
e 7 8 1
e 7 9 1
e 7 10 1
e 7 11 1
e 7 12 1
e 8 9 1
e 8 10 1
e 8 11 1
e 8 12 1
e 9 10 1
e 9 11 1
e 9 12 1
e 10 11 1
e 10 12 1
e 11 12 1
g 12 66 179
v 1 0
v 2 0
v 3 0
v 4 0
v 5 0
v 6 0
v 7 0
v 8 1
v 9 0
v 10 0
v 11 2
v 12 2
e 1 2 1
e 1 3 1
e 1 4 1
e 1 5 1
e 1 6 1
e 1 7 1
e 1 8 1
e 1 9 1
e 1 10 1
e 1 11 1
e 1 12 1
e 2 3 1
e 2 4 1
e 2 5 1
e 2 6 1
e 2 7 1
e 2 8 1
e 2 9 1
e 2 10 1
e 2 11 1
e 2 12 1
e 3 4 1
e 3 5 1
e 3 6 1
e 3 7 1
e 3 8 1
e 3 9 1
e 3 10 1
e 3 11 1
e 3 12 1
e 4 5 1
e 4 6 1
e 4 7 1
e 4 8 1
e 4 9 1
e 4 10 1
e 4 11 1
e 4 12 1
e 5 6 1
e 5 7 1
e 5 8 1
e 5 9 1
e 5 10 1
e 5 11 1
e 5 12 1
e 6 7 1
e 6 8 1
e 6 9 1
e 6 10 1
e 6 11 1
e 6 12 1
e 7 8 1
e 7 9 1
e 7 10 1
e 7 11 1
e 7 12 1
e 8 9 1
e 8 10 1
e 8 11 1
e 8 12 1
e 9 10 1
e 9 11 1
e 9 12 1
e 10 11 1
e 10 12 1
e 11 12 1
